34460612:
	59
	167
	37
	43
	75
42302422:
	140
	16
	89
	44
	77
	15
46582367:
	9
	139
37751890:
	35
	135
	81
	67
	13
	153
	50
	65
	69
	117
69200503:
	132
	143
	171
	162
	152
36699613:
	155
51235238:
	80
	125
	36
60740809:
	84
	23
	91
72832218:
	144
	71
	87
	121
47659552:
	10
	48
	147
	76
	134
	138
54393647:
	92
	47
	126
33583840:
	63
	8
	99
27109544:
	27
	70
65071478:
	151
	40
	159
	163
	133
38724322:
	136
	95
	106
11750801:
	115
	97
	170
	34
	49
32231860:
	131
86898639:
	96
	103
92240876:
	3
	17
	157
	104
	45
66747161:
	5
	124
14268463:
	94
	90
	110
	30
	55
	60
	18
	52
45834351:
	154
17750908:
	42
	166
	164
	26
	107
65830353:
	109
	146
	120
21344013:
	100
	56
	20
96056368:
	111
33958767:
	102
	32
67066631:
	168
20449598:
	31
15129661:
	58
	66
87804471:
	62
	46
	105
	12
	127
45002711:
	28
20610190:
	1
81082011:
	24
	79
	68
	156
	39
35030611:
	142
	130
61212473:
	116
88080249:
	98
	33
	108
85870289:
	114
	141
	64
83265244:
	169
	165
	22
	14
81462164:
	2
	73
	54
	149
	53
	78
14500753:
	51
	123
	72
	148
	11
79743481:
	7
49516360:
	21
	160
	19
	6
	29
37328103:
	122
	86
	150
	161
	172
45181396:
	101
	137
	83
63602514:
	61
57431952:
	41
	82
	4
	112
	88
	119
	38
	25
58717040:
	113
	74
	158
	129
50860318:
	57
	128
76693511:
	93
	118
48053960:
	145
	85
